2023-05-19 23:14:19.877140 | vertex count= 5 | matrix = [[0, 1, 0, 1, 0], [1, 0, 1, 1, 1], [0, 1, 0, 1, 0], [1, 1, 1, 0, 1], [0, 1, 0, 1, 0]] | is euler graph = True | euler cycle=[1, 4, 5, 2, 4, 3, 2, 1]
2023-05-19 23:14:37.782977 | vertex count= 5 | matrix = [[0, 0, 0, 1, 1], [0, 0, 1, 1, 1], [0, 1, 0, 1, 1], [1, 1, 1, 0, 1], [1, 1, 1, 1, 0]] | is euler graph = False | euler cycle=[]
2023-05-19 23:14:40.526787 | vertex count= 5 | matrix = [[0, 0, 0, 1, 1], [0, 0, 1, 1, 1], [0, 1, 0, 1, 1], [1, 1, 1, 0, 1], [1, 1, 1, 1, 0]] | is euler graph = False | euler cycle=[]
2023-05-19 23:14:51.072460 | vertex count= 15 | matrix = [[0, 1, 1, 1, 0, 0, 1, 1, 1, 1, 1, 1, 1, 0, 1], [1, 0, 1, 1, 1, 1, 1, 1, 1, 1, 1, 1, 1, 1, 0], [1, 1, 0, 1, 1, 1, 0, 1, 1, 1, 0, 1, 1, 1, 1], [1, 1, 1, 0, 0, 1, 0, 0, 1, 1, 1, 1, 1, 0, 1], [0, 1, 1, 0, 0, 0, 1, 1, 1, 1, 1, 0, 1, 1, 1], [0, 1, 1, 1, 0, 0, 1, 1, 1, 0, 1, 1, 1, 1, 1], [1, 1, 0, 0, 1, 1, 0, 1, 1, 1, 1, 1, 1, 1, 1], [1, 1, 1, 0, 1, 1, 1, 0, 1, 0, 1, 1, 0, 1, 1], [1, 1, 1, 1, 1, 1, 1, 1, 0, 1, 1, 1, 1, 0, 1], [1, 1, 1, 1, 1, 0, 1, 0, 1, 0, 1, 1, 1, 1, 1], [1, 1, 0, 1, 1, 1, 1, 1, 1, 1, 0, 0, 1, 0, 1], [1, 1, 1, 1, 0, 1, 1, 1, 1, 1, 0, 0, 0, 0, 1], [1, 1, 1, 1, 1, 1, 1, 0, 1, 1, 1, 0, 0, 1, 0], [0, 1, 1, 0, 1, 1, 1, 1, 0, 1, 0, 0, 1, 0, 1], [1, 0, 1, 1, 1, 1, 1, 1, 1, 1, 1, 1, 0, 1, 0]] | is euler graph = False | euler cycle=[]
2023-05-19 23:14:59.398935 | vertex count= 15 | matrix = [[0, 1, 1, 1, 1, 1, 0, 1, 1, 1, 1, 1, 1, 0, 1], [1, 0, 1, 1, 1, 1, 1, 1, 0, 0, 0, 0, 1, 0, 0], [1, 1, 0, 0, 1, 1, 1, 0, 1, 0, 1, 1, 1, 1, 1], [1, 1, 0, 0, 1, 1, 1, 1, 1, 1, 1, 1, 1, 1, 1], [1, 1, 1, 1, 0, 1, 1, 1, 1, 1, 1, 1, 0, 0, 1], [1, 1, 1, 1, 1, 0, 1, 1, 0, 1, 1, 1, 1, 1, 1], [0, 1, 1, 1, 1, 1, 0, 1, 1, 1, 1, 1, 1, 1, 0], [1, 1, 0, 1, 1, 1, 1, 0, 1, 1, 0, 1, 1, 1, 1], [1, 0, 1, 1, 1, 0, 1, 1, 0, 1, 1, 1, 1, 1, 0], [1, 0, 0, 1, 1, 1, 1, 1, 1, 0, 1, 1, 1, 0, 1], [1, 0, 1, 1, 1, 1, 1, 0, 1, 1, 0, 0, 1, 1, 1], [1, 0, 1, 1, 1, 1, 1, 1, 1, 1, 0, 0, 1, 1, 1], [1, 1, 1, 1, 0, 1, 1, 1, 1, 1, 1, 1, 0, 1, 1], [0, 0, 1, 1, 0, 1, 1, 1, 1, 0, 1, 1, 1, 0, 1], [1, 0, 1, 1, 1, 1, 0, 1, 0, 1, 1, 1, 1, 1, 0]] | is euler graph = False | euler cycle=[]
2023-05-20 14:34:02.563695 | vertex count= 6 | matrix = [[0, 1, 1, 1, 1, 0], [1, 0, 1, 1, 1, 1], [1, 1, 0, 0, 1, 1], [1, 1, 0, 0, 1, 1], [1, 1, 1, 1, 0, 0], [0, 1, 1, 1, 0, 0]] | is euler graph = False | euler cycle=[]
2023-05-20 14:34:44.299729 | vertex count= 5 | matrix = [[0, 1, 0, 1, 0], [1, 0, 1, 1, 1], [0, 1, 0, 1, 0], [1, 1, 1, 0, 1], [0, 1, 0, 1, 0]] | is euler graph = True | euler cycle=[1, 4, 5, 2, 4, 3, 2, 1]
2023-05-20 15:10:07.715983 | vertex count= 5 | matrix = [[0, 1, 0, 1, 0], [1, 0, 1, 1, 1], [0, 1, 0, 1, 0], [1, 1, 1, 0, 1], [0, 1, 0, 1, 0]] | is euler graph = True | euler cycle=[1, 4, 5, 2, 4, 3, 2, 1]
2023-05-20 19:35:16.244063 | vertex count= 6 | matrix = [[0, 1, 1, 0, 0, 0], [1, 0, 0, 1, 1, 1], [1, 0, 0, 1, 0, 0], [0, 1, 1, 0, 1, 1], [0, 1, 0, 1, 0, 1], [0, 1, 0, 1, 1, 0]] | is euler graph = False | euler cycle=[]
2023-05-20 19:45:38.520140 | vertex count= 5 | matrix = [[0, 1, 0, 1, 0], [1, 0, 1, 1, 1], [0, 1, 0, 1, 0], [1, 1, 1, 0, 1], [0, 1, 0, 1, 0]] | is euler graph = True | euler cycle=[1, 4, 5, 2, 4, 3, 2, 1]
2023-05-20 19:53:31.719890 | vertex count= 5 | matrix = [[0, 1, 0, 1, 0], [1, 0, 1, 1, 1], [0, 1, 0, 1, 0], [1, 1, 1, 0, 1], [0, 1, 0, 1, 0]] | is euler graph = True | euler cycle=[1, 4, 5, 2, 4, 3, 2, 1]
2023-05-20 19:54:07.513313 | vertex count= 5 | matrix = [[0, 1, 0, 1, 0], [1, 0, 1, 1, 1], [0, 1, 0, 1, 0], [1, 1, 1, 0, 1], [0, 1, 0, 1, 0]] | is euler graph = True | euler cycle=[1, 4, 5, 2, 4, 3, 2, 1]
2023-05-20 19:54:58.005718 | vertex count= 5 | matrix = [[0, 1, 0, 1, 0], [1, 0, 1, 1, 1], [0, 1, 0, 1, 0], [1, 1, 1, 0, 1], [0, 1, 0, 1, 0]] | is euler graph = True | euler cycle=[1, 4, 5, 2, 4, 3, 2, 1]
2023-05-20 19:57:57.407641 | vertex count= 5 | matrix = [[0, 1, 0, 1, 0], [1, 0, 1, 1, 1], [0, 1, 0, 1, 0], [1, 1, 1, 0, 1], [0, 1, 0, 1, 0]] | is euler graph = True | euler cycle=[1, 4, 5, 2, 4, 3, 2, 1]
2023-05-20 20:01:34.756141 | vertex count= 5 | matrix = [[0, 1, 0, 1, 0], [1, 0, 1, 1, 1], [0, 1, 0, 1, 0], [1, 1, 1, 0, 1], [0, 1, 0, 1, 0]] | is euler graph = True | euler cycle=[1, 4, 5, 2, 4, 3, 2, 1]
2023-05-20 20:01:51.090471 | vertex count= 5 | matrix = [[0, 1, 0, 1, 0], [1, 0, 1, 1, 1], [0, 1, 0, 1, 0], [1, 1, 1, 0, 1], [0, 1, 0, 1, 0]] | is euler graph = True | euler cycle=[1, 4, 5, 2, 4, 3, 2, 1]
2023-05-20 20:08:46.658749 | vertex count= 6 | matrix = [[0, 1, 1, 1, 1, 0], [1, 0, 1, 1, 0, 0], [1, 1, 0, 1, 1, 0], [1, 1, 1, 0, 1, 0], [1, 0, 1, 1, 0, 1], [0, 0, 0, 0, 1, 0]] | is euler graph = False | euler cycle=[]
2023-05-20 20:08:49.437055 | vertex count= 6 | matrix = [[0, 1, 1, 1, 1, 0], [1, 0, 1, 1, 0, 0], [1, 1, 0, 1, 1, 0], [1, 1, 1, 0, 1, 0], [1, 0, 1, 1, 0, 1], [0, 0, 0, 0, 1, 0]] | is euler graph = False | euler cycle=[]
2023-05-21 14:40:25.546657 | vertex count= 4 | matrix = [[0, 1, 1, 1], [1, 0, 0, 1], [1, 0, 0, 1], [1, 1, 1, 0]] | is euler graph = False | euler cycle=[]
2023-05-21 14:42:02.715545 | vertex count= 4 | matrix = [[0, 1, 1, 1], [1, 0, 0, 1], [1, 0, 0, 1], [1, 1, 1, 0]] | is euler graph = False | euler cycle=[]
2023-05-21 14:43:06.645206 | vertex count= 4 | matrix = [[0, 1, 1, 0], [1, 0, 0, 1], [1, 0, 0, 1], [0, 1, 1, 0]] | is euler graph = True | euler cycle=[1, 3, 4, 2, 1]
2023-05-21 16:23:52.401903 | vertex count= 15 | matrix = [[0, 1, 1, 0, 1, 1, 1, 1, 1, 1, 1, 1, 1, 0, 1], [1, 0, 1, 1, 1, 1, 1, 1, 1, 1, 1, 0, 1, 0, 1], [1, 1, 0, 1, 0, 1, 1, 1, 1, 1, 0, 0, 1, 0, 1], [0, 1, 1, 0, 0, 1, 1, 1, 1, 1, 1, 1, 0, 1, 1], [1, 1, 0, 0, 0, 1, 1, 1, 1, 1, 1, 1, 0, 1, 1], [1, 1, 1, 1, 1, 0, 1, 1, 1, 0, 1, 1, 0, 1, 1], [1, 1, 1, 1, 1, 1, 0, 1, 1, 0, 0, 0, 0, 1, 1], [1, 1, 1, 1, 1, 1, 1, 0, 0, 1, 1, 1, 1, 1, 1], [1, 1, 1, 1, 1, 1, 1, 0, 0, 1, 1, 1, 0, 0, 0], [1, 1, 1, 1, 1, 0, 0, 1, 1, 0, 0, 1, 1, 1, 1], [1, 1, 0, 1, 1, 1, 0, 1, 1, 0, 0, 0, 0, 1, 1], [1, 0, 0, 1, 1, 1, 0, 1, 1, 1, 0, 0, 0, 1, 1], [1, 1, 1, 0, 0, 0, 0, 1, 0, 1, 0, 0, 0, 1, 1], [0, 0, 0, 1, 1, 1, 1, 1, 0, 1, 1, 1, 1, 0, 1], [1, 1, 1, 1, 1, 1, 1, 1, 0, 1, 1, 1, 1, 1, 0]] | is euler graph = False | euler cycle=[]
2023-05-21 16:28:47.235209 | vertex count= 15 | matrix = [[0, 1, 1, 0, 1, 1, 1, 1, 1, 1, 1, 1, 1, 0, 1], [1, 0, 1, 1, 1, 1, 1, 1, 1, 1, 1, 0, 1, 0, 1], [1, 1, 0, 1, 0, 1, 1, 1, 1, 1, 0, 0, 1, 0, 1], [0, 1, 1, 0, 0, 1, 1, 1, 1, 1, 1, 1, 0, 1, 1], [1, 1, 0, 0, 0, 1, 1, 1, 1, 1, 1, 1, 0, 1, 1], [1, 1, 1, 1, 1, 0, 1, 1, 1, 0, 1, 1, 0, 1, 1], [1, 1, 1, 1, 1, 1, 0, 1, 1, 0, 0, 0, 0, 1, 1], [1, 1, 1, 1, 1, 1, 1, 0, 0, 1, 1, 1, 1, 1, 1], [1, 1, 1, 1, 1, 1, 1, 0, 0, 1, 1, 1, 0, 0, 0], [1, 1, 1, 1, 1, 0, 0, 1, 1, 0, 0, 1, 1, 1, 1], [1, 1, 0, 1, 1, 1, 0, 1, 1, 0, 0, 0, 0, 1, 1], [1, 0, 0, 1, 1, 1, 0, 1, 1, 1, 0, 0, 0, 1, 1], [1, 1, 1, 0, 0, 0, 0, 1, 0, 1, 0, 0, 0, 1, 1], [0, 0, 0, 1, 1, 1, 1, 1, 0, 1, 1, 1, 1, 0, 1], [1, 1, 1, 1, 1, 1, 1, 1, 0, 1, 1, 1, 1, 1, 0]] | is euler graph = False | euler cycle=[]
2023-05-21 16:29:07.669297 | vertex count= 15 | matrix = [[0, 0, 1, 1, 1, 1, 1, 1, 1, 1, 1, 1, 1, 1, 1], [0, 0, 1, 1, 0, 1, 1, 0, 1, 0, 1, 1, 1, 1, 0], [1, 1, 0, 1, 1, 1, 1, 1, 1, 1, 0, 1, 1, 1, 1], [1, 1, 1, 0, 1, 1, 0, 1, 1, 1, 1, 1, 1, 1, 0], [1, 0, 1, 1, 0, 1, 0, 1, 0, 1, 1, 1, 0, 1, 1], [1, 1, 1, 1, 1, 0, 1, 1, 0, 1, 1, 1, 1, 1, 0], [1, 1, 1, 0, 0, 1, 0, 1, 1, 0, 1, 1, 1, 1, 0], [1, 0, 1, 1, 1, 1, 1, 0, 1, 1, 0, 1, 1, 1, 1], [1, 1, 1, 1, 0, 0, 1, 1, 0, 1, 0, 1, 1, 0, 1], [1, 0, 1, 1, 1, 1, 0, 1, 1, 0, 0, 1, 0, 1, 1], [1, 1, 0, 1, 1, 1, 1, 0, 0, 0, 0, 0, 1, 0, 1], [1, 1, 1, 1, 1, 1, 1, 1, 1, 1, 0, 0, 1, 0, 1], [1, 1, 1, 1, 0, 1, 1, 1, 1, 0, 1, 1, 0, 0, 1], [1, 1, 1, 1, 1, 1, 1, 1, 0, 1, 0, 0, 0, 0, 1], [1, 0, 1, 0, 1, 0, 0, 1, 1, 1, 1, 1, 1, 1, 0]] | is euler graph = False | euler cycle=[]
2023-05-21 16:30:21.764167 | vertex count= 15 | matrix = [[0, 0, 1, 1, 1, 1, 1, 1, 1, 1, 1, 1, 1, 1, 1], [0, 0, 1, 1, 0, 1, 1, 0, 1, 0, 1, 1, 1, 1, 0], [1, 1, 0, 1, 1, 1, 1, 1, 1, 1, 0, 1, 1, 1, 1], [1, 1, 1, 0, 1, 1, 0, 1, 1, 1, 1, 1, 1, 1, 0], [1, 0, 1, 1, 0, 1, 0, 1, 0, 1, 1, 1, 0, 1, 1], [1, 1, 1, 1, 1, 0, 1, 1, 0, 1, 1, 1, 1, 1, 0], [1, 1, 1, 0, 0, 1, 0, 1, 1, 0, 1, 1, 1, 1, 0], [1, 0, 1, 1, 1, 1, 1, 0, 1, 1, 0, 1, 1, 1, 1], [1, 1, 1, 1, 0, 0, 1, 1, 0, 1, 0, 1, 1, 0, 1], [1, 0, 1, 1, 1, 1, 0, 1, 1, 0, 0, 1, 0, 1, 1], [1, 1, 0, 1, 1, 1, 1, 0, 0, 0, 0, 0, 1, 0, 1], [1, 1, 1, 1, 1, 1, 1, 1, 1, 1, 0, 0, 1, 0, 1], [1, 1, 1, 1, 0, 1, 1, 1, 1, 0, 1, 1, 0, 0, 1], [1, 1, 1, 1, 1, 1, 1, 1, 0, 1, 0, 0, 0, 0, 1], [1, 0, 1, 0, 1, 0, 0, 1, 1, 1, 1, 1, 1, 1, 0]] | is euler graph = False | euler cycle=[]
2023-05-21 16:32:14.145850 | vertex count= 9 | matrix = [[0, 1, 1, 0, 0, 0, 0, 0, 0], [1, 0, 1, 0, 0, 0, 1, 1, 0], [1, 1, 0, 1, 1, 0, 0, 0, 0], [0, 0, 1, 0, 1, 0, 0, 0, 0], [0, 0, 1, 1, 0, 1, 0, 1, 0], [0, 0, 0, 0, 1, 0, 1, 1, 1], [0, 1, 0, 0, 0, 1, 0, 1, 1], [0, 1, 0, 0, 1, 1, 1, 0, 0], [0, 0, 0, 0, 0, 1, 1, 0, 0]] | is euler graph = True | euler cycle=[1, 3, 5, 8, 7, 9, 6, 8, 2, 7, 6, 5, 4, 3, 2, 1]
